
initial tableau
[[ 1.45263158e+04  0.00000000e+00  2.62105263e+01  0.00000000e+00
   1.83684211e+01  1.33684211e+01  1.06842105e+01  0.00000000e+00
   3.84210526e+00  0.00000000e+00  0.00000000e+00]
 [ 1.05263158e+02  0.00000000e+00  8.42105263e-01  1.00000000e+00
   1.47368421e+00  4.73684211e-01 -2.63157895e-01  0.00000000e+00
   3.68421053e-01  0.00000000e+00  0.00000000e+00]
 [ 1.57894737e+02  0.00000000e+00 -7.36842105e-01  0.00000000e+00
   3.21052632e+00  3.21052632e+00 -8.94736842e-01  1.00000000e+00
   5.26315789e-02  0.00000000e+00  0.00000000e+00]
 [ 5.26315789e+01  0.00000000e+00  2.42105263e+00  0.00000000e+00
   4.73684211e+00 -2.26315789e+00 -1.63157895e+00  0.00000000e+00
   6.84210526e-01  0.00000000e+00  1.00000000e+00]
 [ 1.05263158e+02  0.00000000e+00 -1.57894737e-01  0.00000000e+00
   4.73684211e-01 -1.52631579e+00 -1.26315789e+00  0.00000000e+00
   3.68421053e-01  1.00000000e+00  0.00000000e+00]
 [ 5.26315789e+01  1.00000000e+00  4.21052632e-01  0.00000000e+00
  -2.63157895e-01  7.36842105e-01  3.68421053e-01  0.00000000e+00
  -3.15789474e-01  0.00000000e+00  0.00000000e+00]]

our simplex tableau 

[[ 0.00000000e+00  8.42105263e-01  1.00000000e+00  1.47368421e+00
   4.73684211e-01 -2.63157895e-01  0.00000000e+00  3.68421053e-01
   0.00000000e+00  0.00000000e+00  1.05263158e+02]
 [ 0.00000000e+00 -7.36842105e-01  0.00000000e+00  3.21052632e+00
   3.21052632e+00 -8.94736842e-01  1.00000000e+00  5.26315789e-02
   0.00000000e+00  0.00000000e+00  1.57894737e+02]
 [ 0.00000000e+00  2.42105263e+00  0.00000000e+00  4.73684211e+00
  -2.26315789e+00 -1.63157895e+00  0.00000000e+00  6.84210526e-01
   0.00000000e+00  1.00000000e+00  5.26315789e+01]
 [ 0.00000000e+00 -1.57894737e-01  0.00000000e+00  4.73684211e-01
  -1.52631579e+00 -1.26315789e+00  0.00000000e+00  3.68421053e-01
   1.00000000e+00  0.00000000e+00  1.05263158e+02]
 [ 1.00000000e+00  4.21052632e-01  0.00000000e+00 -2.63157895e-01
   7.36842105e-01  3.68421053e-01  0.00000000e+00 -3.15789474e-01
   0.00000000e+00  0.00000000e+00  5.26315789e+01]
 [ 0.00000000e+00  2.62105263e+01  0.00000000e+00  1.83684211e+01
   1.33684211e+01  1.06842105e+01  0.00000000e+00  3.84210526e+00
   0.00000000e+00  0.00000000e+00  1.45263158e+04]]


final tableau
[[ 1.44690000e+04  0.00000000e+00  9.00000000e+00  0.00000000e+00
   5.00000000e+00  0.00000000e+00  3.00000000e+00  0.00000000e+00
   0.00000000e+00  0.00000000e+00  0.00000000e+00  0.00000000e+00
   6.30000000e+01  2.00000000e+00]
 [ 1.03000000e+02  0.00000000e+00  0.00000000e+00  1.00000000e+00
   1.00000000e+00  0.00000000e+00 -1.00000000e+00  0.00000000e+00
   0.00000000e+00  0.00000000e+00  0.00000000e+00  0.00000000e+00
   2.00000000e+00  1.00000000e+00]
 [ 1.45000000e+02  0.00000000e+00 -4.00000000e+00  0.00000000e+00
   0.00000000e+00  0.00000000e+00 -1.00000000e+00  1.00000000e+00
   0.00000000e+00  0.00000000e+00  0.00000000e+00  0.00000000e+00
   1.60000000e+01 -3.00000000e+00]
 [ 6.10000000e+01  0.00000000e+00  4.00000000e+00  0.00000000e+00
   7.00000000e+00  0.00000000e+00 -3.00000000e+00  0.00000000e+00
   0.00000000e+00  0.00000000e+00  1.00000000e+00  0.00000000e+00
  -1.20000000e+01  5.00000000e+00]
 [ 1.11000000e+02  0.00000000e+00  1.00000000e+00  0.00000000e+00
   2.00000000e+00  0.00000000e+00 -2.00000000e+00  0.00000000e+00
   0.00000000e+00  1.00000000e+00  0.00000000e+00  0.00000000e+00
  -8.00000000e+00  3.00000000e+00]
 [ 5.00000000e+01  1.00000000e+00 -5.32907052e-15  0.00000000e+00
  -1.00000000e+00  0.00000000e+00  1.00000000e+00  0.00000000e+00
   0.00000000e+00  0.00000000e+00  0.00000000e+00  0.00000000e+00
   4.00000000e+00 -2.00000000e+00]
 [ 2.00000000e+00  0.00000000e+00  0.00000000e+00  0.00000000e+00
   0.00000000e+00  0.00000000e+00  0.00000000e+00  0.00000000e+00
   0.00000000e+00  0.00000000e+00  0.00000000e+00  1.00000000e+00
  -2.00000000e+00 -1.00000000e+00]
 [ 4.00000000e+00  0.00000000e+00  1.00000000e+00  0.00000000e+00
   1.00000000e+00  1.00000000e+00  0.00000000e+00  0.00000000e+00
   0.00000000e+00  0.00000000e+00  0.00000000e+00  0.00000000e+00
  -5.00000000e+00  1.00000000e+00]
 [ 1.00000000e+00  0.00000000e+00  1.00000000e+00  0.00000000e+00
   0.00000000e+00  0.00000000e+00  2.00000000e+00  0.00000000e+00
   1.00000000e+00  0.00000000e+00  0.00000000e+00  0.00000000e+00
   1.00000000e+00 -4.00000000e+00]]